    0    0          0.000          0.000
    1    0         -1.635          0.000
    1    1         -0.096         -0.000
    2    0          0.195          0.000
    2    1          0.061         -0.073
    2    2          0.088          0.330
    3    0         -2.578          0.000
    3    1          0.424          0.149
    3    2         -0.072          0.239
    3    3          0.082         -0.020
    4    0         -0.154          0.000
    4    1         -0.135          0.136
    4    2          0.190         -0.401
    4    3         -0.002         -0.342
    4    4          0.125         -0.213
    5    0         -1.235          0.000
    5    1          0.140          0.082
    5    2         -0.052          0.348
    5    3         -0.066         -0.337
    5    4         -0.221         -0.159
    5    5          0.652          0.147
    6    0         -0.237          0.000
    6    1          0.122         -0.090
    6    2         -0.263         -0.282
    6    3         -0.299         -0.064
    6    4          0.196         -0.151
    6    5          0.746          0.176
    6    6         -0.150         -0.182
    7    0          0.099          0.000
    7    1         -0.291          0.208
    7    2         -0.039         -0.092
    7    3          0.095          0.210
    7    4          0.057         -0.023
    7    5          0.713          0.053
    7    6         -0.321          0.485
    7    7          0.090         -0.002
    8    0          0.438          0.000
    8    1         -0.143         -0.384
    8    2         -0.040         -0.054
    8    3          0.296         -0.177
    8    4          0.106          0.312
    8    5          0.539         -0.045
    8    6         -0.308          0.043
    8    7         -0.006          0.319
    8    8          0.229          0.049
    9    0          1.188          0.000
    9    1          0.116          0.178
    9    2         -0.254          0.311
    9    3          0.219         -0.017
    9    4         -0.226         -0.192
    9    5          0.228         -0.130
    9    6         -0.303         -0.190
    9    7          0.009         -0.274
    9    8          0.592         -0.211
    9    9         -0.082         -0.324
   10    0          0.510          0.000
   10    1         -0.307          0.380
   10    2          0.188         -0.061
   10    3          0.182         -0.398
   10    4          0.051         -0.166
   10    5         -0.491         -0.033
   10    6         -0.246         -0.094
   10    7         -0.043          0.246
   10    8          0.518          0.122
   10    9          0.027          0.225
   10   10         -0.145          0.244
   11    0          1.149          0.000
   11    1         -0.145         -0.234
   11    2         -0.017         -0.183
   11    3         -0.153         -0.312
   11    4         -0.022          0.073
   11    5         -0.578         -0.524
   11    6         -0.094          0.036
   11    7         -0.106          0.341
   11    8          0.917         -0.196
   11    9         -0.199         -0.284
   11   10         -0.213         -0.182
   11   11          0.181          0.247
   12    0          0.355          0.000
   12    1          0.378         -0.125
   12    2         -0.268         -0.121
   12    3         -0.319         -0.447
   12    4         -0.209         -0.248
   12    5         -0.176          0.044
   12    6          0.207         -0.080
   12    7         -0.043          0.268
   12    8          0.590         -0.215
   12    9         -0.474         -0.123
   12   10         -0.091          0.241
   12   11          0.204         -0.339
   12   12          0.279         -0.024
   13    0          0.991          0.000
   13    1         -0.166         -0.176
   13    2         -0.069          0.114
   13    3         -0.624          0.106
   13    4         -0.077         -0.202
   13    5          0.025          0.210
   13    6          0.045          0.379
   13    7          0.181          0.194
   13    8         -0.222         -0.148
   13    9         -0.606         -0.050
   13   10         -0.649          0.230
   13   11          0.330          0.026
   13   12          0.043          0.553
   13   13         -0.100          0.402
   14    0          0.031          0.000
   14    1          0.045         -0.092
   14    2          0.278          0.377
   14    3          0.253          0.131
   14    4          0.304          0.328
   14    5         -0.158         -0.091
   14    6          0.191          0.191
   14    7          0.280         -0.419
   14    8         -0.289         -0.393
   14    9         -0.160          0.105
   14   10         -0.288          0.332
   14   11          0.672         -0.404
   14   12          0.192          0.133
   14   13         -0.196          0.051
   14   14          0.132         -0.305
   15    0          0.445          0.000
   15    1          0.187         -0.298
   15    2          0.139          0.056
   15    3         -0.260         -0.060
   15    4         -0.063         -0.017
   15    5          0.347          0.663
   15    6         -0.211          0.340
   15    7          0.136         -0.252
   15    8         -0.753          0.181
   15    9         -0.093         -0.053
   15   10         -0.304          0.592
   15   11          0.952          0.022
   15   12          0.260          0.266
   15   13         -0.469          0.088
   15   14         -0.099          0.318
   15   15         -0.144         -0.246
   16    0          0.059          0.000
   16    1         -0.389          0.212
   16    2          0.398          0.123
   16    3          0.791          0.298
   16    4         -0.197         -0.033
   16    5          0.556         -0.107
   16    6         -0.205          0.113
   16    7         -0.143         -0.660
   16    8         -0.279          0.298
   16    9          0.219         -0.036
   16   10          0.282          0.174
   16   11          0.331         -0.613
   16   12          0.251          0.004
   16   13         -0.014          0.535
   16   14         -0.214          0.032
   16   15         -0.031         -0.039
   16   16         -0.396          0.711
   17    0          0.779          0.000
   17    1          0.575          0.029
   17    2          0.406         -0.289
   17    3          0.540          0.044
   17    4         -0.197          0.007
   17    5         -0.087         -0.090
   17    6         -0.976          0.132
   17    7         -0.038          0.226
   17    8         -0.145          0.187
   17    9          0.242          0.572
   17   10          0.763          0.089
   17   11          0.246         -0.378
   17   12          0.192         -0.013
   17   13         -0.428          0.688
   17   14          0.123         -0.177
   17   15          0.188         -0.485
   17   16         -0.224          0.045
   17   17          0.295          0.049
   18    0         -0.155          0.000
   18    1          0.329         -0.200
   18    2          0.390          0.141
   18    3          0.342         -0.211
   18    4          0.082         -0.310
   18    5         -0.057         -0.248
   18    6         -0.270         -0.476
   18    7         -0.568         -0.259
   18    8          0.458          0.342
   18    9         -0.076         -0.420
   18   10          0.388         -0.123
   18   11         -0.688          0.055
   18   12         -0.290          0.178
   18   13         -0.138          0.615
   18   14          0.305          0.054
   18   15         -0.033         -0.392
   18   16          0.013         -0.099
   18   17          0.054          0.004
   18   18          0.144         -0.083
   19    0          0.637          0.000
   19    1          0.700         -0.335
   19    2          0.281         -0.601
   19    3         -0.089         -0.006
   19    4         -0.040          0.216
   19    5         -0.333         -0.213
   19    6         -0.058          0.266
   19    7         -0.170          0.284
   19    8          0.061         -0.374
   19    9          0.240          0.253
   19   10          0.459         -0.776
   19   11         -0.642         -0.026
   19   12         -0.248          0.044
   19   13          0.460          0.508
   19   14          0.128         -0.324
   19   15          0.160         -0.528
   19   16         -0.206          0.370
   19   17          0.242          0.080
   19   18         -0.036         -0.032
   19   19          0.205          0.236
   20    0         -0.291          0.000
   20    1          0.226         -0.228
   20    2         -0.053          0.098
   20    3         -0.486          0.092
   20    4          0.200         -0.228
   20    5         -0.418          0.299
   20    6         -0.038          0.359
   20    7         -0.208         -0.081
   20    8          0.312          0.105
   20    9          0.205         -0.047
   20   10         -0.368         -0.540
   20   11         -0.382          0.071
   20   12         -0.306          0.034
   20   13          0.703          0.048
   20   14          0.333          0.123
   20   15          0.415         -0.344
   20   16         -0.494          0.587
   20   17         -0.554         -0.142
   20   18         -0.286         -0.169
   20   19         -0.581          0.060
   20   20          0.016         -0.105
   21    0          0.749          0.000
   21    1          0.466         -0.182
   21    2         -0.525         -0.109
   21    3          0.130         -0.304
   21    4         -0.215          0.209
   21    5          0.153          0.114
   21    6          0.477          0.195
   21    7          0.410         -0.467
   21    8          0.184         -0.819
   21    9         -0.083         -0.037
   21   10         -1.013         -0.013
   21   11         -0.075          0.296
   21   12         -0.381          0.186
   21   13          0.377         -0.197
   21   14          0.003         -0.472
   21   15         -0.114         -0.932
   21   16          0.297          0.979
   21   17         -0.384         -0.607
   21   18          0.064         -0.455
   21   19         -0.322          0.104
   21   20         -0.110          0.034
   21   21          0.169          0.036
   22    0         -0.519          0.000
   22    1         -0.179         -0.425
   22    2         -0.328          0.204
   22    3          0.051          0.809
   22    4         -0.158          0.310
   22    5          0.231         -0.011
   22    6          0.097          0.120
   22    7          0.109         -0.247
   22    8         -0.532         -0.208
   22    9         -0.138         -0.233
   22   10         -0.571          0.272
   22   11          0.129          0.220
   22   12          0.459          0.291
   22   13          0.303         -0.848
   22   14          0.137          0.221
   22   15          0.209         -0.225
   22   16          0.347          0.820
   22   17         -0.140          0.251
   22   18          0.040         -0.287
   22   19         -0.058          0.063
   22   20         -0.004          0.275
   22   21         -0.029          0.166
   22   22          0.091         -0.581
   23    0          0.372          0.000
   23    1          0.603          0.436
   23    2         -0.472         -0.055
   23    3          0.526         -0.008
   23    4         -0.240          0.257
   23    5          0.732         -0.485
   23    6         -0.045         -0.331
   23    7          0.028         -0.273
   23    8         -0.178         -0.465
   23    9         -0.309         -0.258
   23   10          0.348          0.079
   23   11          0.456          0.300
   23   12         -0.077          0.040
   23   13          0.233         -0.469
   23   14         -0.274         -0.148
   23   15         -0.322          0.002
   23   16          0.443         -0.065
   23   17         -0.397          0.265
   23   18         -0.144         -0.261
   23   19         -0.165         -0.113
   23   20         -0.518          0.001
   23   21          0.111          0.175
   23   22         -0.318         -0.304
   23   23         -0.183         -0.520
   24    0         -0.330          0.000
   24    1         -0.233          0.112
   24    2         -0.055         -0.124
   24    3         -0.181          0.244
   24    4         -0.105          0.069
   24    5          0.640          0.006
   24    6         -0.347         -0.340
   24    7         -0.058         -0.455
   24    8         -0.260          0.414
   24    9          0.295         -0.116
   24   10          0.505          0.251
   24   11          0.150          0.169
   24   12         -0.135         -0.027
   24   13         -0.070         -0.281
   24   14         -0.017          0.057
   24   15         -0.425          0.573
   24   16          0.132         -0.103
   24   17         -0.246          0.026
   24   18         -0.027         -0.795
   24   19         -0.054          0.612
   24   20          0.052          0.756
   24   21          0.280         -0.079
   24   22         -0.193          0.123
   24   23          0.082          0.246
   24   24         -0.309          0.178
   25    0          0.702          0.000
   25    1          0.441          0.592
   25    2         -0.179         -0.025
   25    3         -0.449          0.234
   25    4         -0.760          0.197
   25    5         -0.291         -0.104
   25    6          0.247         -0.063
   25    7         -0.675         -0.054
   25    8         -0.374          0.174
   25    9         -0.138          0.181
   25   10         -0.064         -0.369
   25   11          0.255         -0.128
   25   12         -0.303          0.143
   25   13          0.063         -0.169
   25   14          0.540          0.381
   25   15         -0.057          0.349
   25   16          0.086         -0.508
   25   17          0.059         -0.057
   25   18         -0.222         -0.286
   25   19          0.075          0.564
   25   20         -0.229          0.466
   25   21          0.568          0.002
   25   22          0.314         -0.042
   25   23         -0.356          0.171
   25   24          0.192          0.269
   25   25         -0.092         -0.074
   26    0         -0.634          0.000
   26    1         -0.386         -0.287
   26    2         -0.032         -0.035
   26    3         -0.398          0.473
   26    4         -0.216         -0.324
   26    5          0.295          0.261
   26    6         -0.023         -0.093
   26    7          0.197         -0.409
   26    8         -0.043         -0.247
   26    9          0.039         -0.061
   26   10          0.020         -0.440
   26   11         -0.571         -0.269
   26   12         -0.220          0.531
   26   13         -0.387          0.672
   26   14         -0.116          0.140
   26   15          0.177          0.361
   26   16          0.306         -0.468
   26   17          0.138         -0.025
   26   18         -0.142         -0.345
   26   19          0.108          0.461
   26   20          0.358          0.216
   26   21         -0.451         -0.360
   26   22         -0.010         -0.306
   26   23         -0.213         -0.057
   26   24         -0.218         -0.058
   26   25         -0.070         -0.303
   26   26         -0.183          0.295
   27    0          0.643          0.000
   27    1          0.199          0.348
   27    2         -0.851         -0.605
   27    3         -0.260          0.065
   27    4         -0.387         -0.185
   27    5         -0.192          0.129
   27    6         -0.193         -0.490
   27    7         -0.070          0.185
   27    8          0.189         -0.672
   27    9         -0.180          0.465
   27   10         -0.529         -1.111
   27   11         -0.054          0.582
   27   12         -0.310         -0.379
   27   13         -0.163          0.445
   27   14          0.129         -0.160
   27   15          0.686          0.066
   27   16         -0.143         -0.303
   27   17         -0.228         -0.113
   27   18          0.049          0.191
   27   19          0.589          0.081
   27   20         -0.053         -0.046
   27   21         -0.338         -0.384
   27   22          0.229         -0.227
   27   23          0.220          0.556
   27   24         -0.039         -0.283
   27   25          0.154         -0.247
   27   26          0.478         -0.003
   27   27          0.022          0.350
   28    0         -0.286          0.000
   28    1         -0.358          0.357
   28    2         -0.481         -0.204
   28    3         -0.188          0.820
   28    4         -0.485         -0.266
   28    5         -0.189          0.032
   28    6          0.425          0.627
   28    7          0.597          0.006
   28    8          0.075          0.106
   28    9         -0.427          0.299
   28   10          0.017         -0.310
   28   11         -0.462          0.032
   28   12         -0.546          0.451
   28   13          0.491         -0.123
   28   14          0.319         -0.007
   28   15          0.617          0.286
   28   16         -0.266          0.062
   28   17         -0.168          0.157
   28   18         -0.105          0.322
   28   19          0.004         -0.108
   28   20         -0.323          0.225
   28   21         -0.500         -0.475
   28   22         -0.018          0.041
   28   23          0.325          0.075
   28   24         -0.078         -0.182
   28   25         -0.150         -0.371
   28   26          0.110          0.319
   28   27          0.048          0.270
   28   28          0.022          0.044
   29    0         -0.036          0.000
   29    1         -0.222          0.760
   29    2         -0.328          0.172
   29    3         -0.134         -0.409
   29    4          0.005         -0.151
   29    5         -0.258         -0.234
   29    6          0.143         -0.424
   29    7          0.050          0.049
   29    8         -0.686         -1.016
   29    9         -0.779         -0.169
   29   10         -0.204         -0.343
   29   11          0.616          1.011
   29   12         -0.003          0.224
   29   13          0.215         -0.052
   29   14          0.216         -0.244
   29   15          0.290         -0.022
   29   16         -0.339         -0.074
   29   17          0.167          0.514
   29   18          0.312          0.582
   29   19         -0.018          0.019
   29   20          0.159         -0.108
   29   21         -0.301         -0.321
   29   22          0.328         -0.228
   29   23         -0.011          0.061
   29   24         -0.076         -0.015
   29   25          0.143          0.268
   29   26         -0.463          0.358
   29   27         -0.021         -0.109
   29   28         -0.330         -0.127
   29   29         -0.005         -0.052
   30    0         -0.277          0.000
   30    1         -0.207          0.767
   30    2          0.020          0.444
   30    3         -0.022          0.169
   30    4         -0.659         -0.423
   30    5          0.210         -0.394
   30    6          0.427         -0.001
   30    7         -0.172         -0.424
   30    8         -0.450          0.019
   30    9         -0.723          0.098
   30   10          0.205          0.083
   30   11          0.363          0.260
   30   12          0.274          0.340
   30   13          0.220         -0.636
   30   14         -0.343         -0.089
   30   15         -0.181         -0.257
   30   16         -0.449         -0.401
   30   17         -0.062          0.078
   30   18          0.389          0.644
   30   19         -0.532          0.041
   30   20         -0.020          0.125
   30   21         -0.444         -0.477
   30   22         -0.094         -0.044
   30   23         -0.129          0.879
   30   24         -0.302         -0.578
   30   25         -0.251         -0.453
   30   26          0.599         -0.099
   30   27          0.253         -0.382
   30   28         -0.559          0.607
   30   29          0.195         -0.167
   30   30          0.088         -0.009
   31    0         -0.361          0.000
   31    1         -0.111          0.205
   31    2          0.789         -0.107
   31    3         -0.401         -0.620
   31    4         -0.415         -0.017
   31    5          0.107         -0.070
   31    6          0.417         -0.538
   31    7         -0.491          0.106
   31    8         -0.459         -0.097
   31    9         -0.494          0.339
   31   10         -0.201          0.353
   31   11          0.028          0.050
   31   12          0.673         -0.187
   31   13          0.153         -0.250
   31   14          0.617         -0.103
   31   15          0.195          0.136
   31   16         -0.123          0.365
   31   17         -0.053          0.456
   31   18          0.469         -0.074
   31   19         -0.048         -0.479
   31   20          0.409         -0.218
   31   21         -0.549          0.538
   31   22         -0.097          0.255
   31   23          0.106         -0.063
   31   24         -0.465          0.168
   31   25          0.124         -0.014
   31   26          0.602          0.223
   31   27         -0.178         -0.243
   31   28         -0.339          0.080
   31   29          0.909         -0.140
   31   30          0.508         -0.116
   31   31          0.138         -0.161
   32    0          0.598          0.000
   32    1         -0.708         -0.136
   32    2         -0.067         -0.049
   32    3         -0.377          0.194
   32    4         -0.445         -0.567
   32    5         -0.259         -0.386
   32    6         -0.552          0.066
   32    7         -0.492         -0.469
   32    8          0.030          0.476
   32    9         -0.220          0.376
   32   10          0.409         -0.218
   32   11          0.054         -0.412
   32   12         -0.150          0.200
   32   13         -0.314         -0.217
   32   14         -0.078          0.032
   32   15         -0.084         -0.608
   32   16          0.056          0.493
   32   17          0.109          0.205
   32   18         -0.045         -0.369
   32   19         -0.029         -0.022
   32   20         -0.272         -0.297
   32   21         -0.304          0.099
   32   22         -0.673         -0.090
   32   23          0.073          0.266
   32   24         -0.623         -0.272
   32   25         -0.005         -0.503
   32   26          0.688          0.361
   32   27         -0.142         -0.491
   32   28         -0.279          0.134
   32   29          0.000          0.410
   32   30         -0.128         -0.024
   32   31          0.203          0.219
   32   32         -0.243         -0.273
   33    0         -0.214          0.000
   33    1         -0.684         -0.533
   33    2          0.460         -0.599
   33    3         -0.175         -0.185
   33    4         -0.464         -0.055
   33    5         -0.071         -0.141
   33    6         -0.432         -0.119
   33    7         -0.002          0.399
   33    8         -0.146          0.419
   33    9         -0.206          0.264
   33   10         -0.436          0.328
   33   11         -0.424          0.329
   33   12         -0.227          0.358
   33   13         -0.052         -0.190
   33   14         -0.130          0.167
   33   15          0.053         -0.158
   33   16          0.015          0.401
   33   17          0.262          0.475
   33   18         -0.040         -0.038
   33   19          0.030         -0.028
   33   20         -0.146         -0.167
   33   21          0.314          0.297
   33   22         -0.249         -0.057
   33   23          0.700         -0.264
   33   24         -0.438         -0.894
   33   25          0.044         -0.397
   33   26          0.156          0.516
   33   27         -0.274          0.335
   33   28          0.047         -0.521
   33   29          0.395         -0.046
   33   30         -0.190          0.664
   33   31          0.436         -0.637
   33   32          0.032         -0.064
   33   33         -0.001          0.162
   34    0         -0.112          0.000
   34    1         -0.135         -0.807
   34    2         -0.529          0.405
   34    3         -0.914         -0.029
   34    4         -0.286         -0.092
   34    5          0.163         -0.576
   34    6         -0.240         -0.426
   34    7          0.310          0.186
   34    8          0.171          0.320
   34    9         -0.086          0.144
   34   10          0.220         -0.348
   34   11         -0.103          0.141
   34   12          0.128         -0.319
   34   13         -0.044          0.001
   34   14          0.708         -0.123
   34   15          0.085         -0.106
   34   16          0.405          0.090
   34   17          0.241         -0.091
   34   18         -1.032         -0.368
   34   19          0.020         -0.272
   34   20         -0.173         -0.236
   34   21          0.001         -0.196
   34   22          0.073         -0.057
   34   23          0.420         -0.149
   34   24         -0.300         -0.024
   34   25         -0.179          0.709
   34   26          0.236         -0.214
   34   27         -0.247         -0.528
   34   28         -0.853          0.336
   34   29          0.288          0.295
   34   30          0.003         -0.255
   34   31          0.336          0.335
   34   32         -0.006         -0.051
   34   33          0.402          0.213
   34   34         -0.392         -0.453
   35    0         -0.092          0.000
   35    1         -0.341         -0.023
   35    2          0.689         -0.530
   35    3         -0.676         -0.248
   35    4         -0.014         -0.549
   35    5         -0.106          0.171
   35    6         -0.167          0.302
   35    7         -0.407          0.324
   35    8         -0.063         -0.067
   35    9         -0.403          0.059
   35   10          0.065          0.039
   35   11          0.173          0.265
   35   12         -0.304         -0.351
   35   13          0.452          0.538
   35   14          0.004         -0.512
   35   15          0.521          0.742
   35   16         -0.204         -0.211
   35   17          0.588         -0.113
   35   18         -0.061         -0.178
   35   19         -0.031          0.040
   35   20         -0.471          0.134
   35   21          0.091         -0.165
   35   22         -0.038         -0.259
   35   23          0.194          0.103
   35   24          0.181          0.269
   35   25         -0.156          0.067
   35   26          0.226         -0.272
   35   27         -0.487          0.503
   35   28         -0.537         -0.240
   35   29          0.452         -0.376
   35   30         -0.188         -0.115
   35   31         -0.228          0.173
   35   32          0.224          0.014
   35   33          0.135          0.037
   35   34          0.202          0.211
   35   35         -0.370          0.188
   36    0          0.503          0.000
   36    1         -0.263         -0.126
   36    2         -0.513          0.707
   36    3         -0.241          0.127
   36    4         -0.432         -0.300
   36    5          0.572         -0.240
   36    6         -0.052         -0.511
   36    7          0.097         -0.765
   36    8          0.196          0.350
   36    9         -0.246         -0.216
   36   10         -0.301         -0.276
   36   11          0.122          0.110
   36   12         -0.095          0.253
   36   13          0.745          0.462
   36   14          0.468         -0.010
   36   15          0.402          0.119
   36   16         -0.575          0.162
   36   17          0.380         -0.384
   36   18         -0.107          0.257
   36   19         -0.143          0.250
   36   20         -0.256          0.096
   36   21          0.030         -0.230
   36   22          0.402         -0.641
   36   23         -0.028          0.111
   36   24          0.269         -0.034
   36   25         -0.126         -0.031
   36   26          0.039          0.004
   36   27         -0.196         -0.309
   36   28          0.463          0.212
   36   29          0.718          0.165
   36   30         -0.264          0.221
   36   31          0.428          0.109
   36   32         -0.111          0.160
   36   33          0.053          0.150
   36   34          0.217          0.093
   36   35         -0.064         -0.381
   36   36         -0.042          0.013
   37    0         -0.513          0.000
   37    1         -0.690         -0.077
   37    2          0.011         -0.183
   37    3         -0.089          0.091
   37    4         -0.441         -0.534
   37    5         -0.043         -0.246
   37    6          0.072          0.258
   37    7         -0.337         -0.231
   37    8          0.707         -0.291
   37    9         -0.734          0.135
   37   10          0.008          0.539
   37   11         -0.537          0.048
   37   12          0.027          0.307
   37   13         -0.105         -0.233
   37   14         -0.486          0.024
   37   15         -0.353          0.302
   37   16         -0.514          0.133
   37   17          0.226          0.195
   37   18          0.263          0.251
   37   19         -0.218         -0.274
   37   20          0.290          0.312
   37   21         -0.185         -0.137
   37   22         -0.241         -0.159
   37   23         -0.172         -0.348
   37   24         -0.091         -0.178
   37   25         -0.044          0.507
   37   26         -0.605         -0.237
   37   27         -0.314          0.148
   37   28          0.291          0.020
   37   29          0.558          0.435
   37   30         -0.337         -0.114
   37   31          0.156          0.030
   37   32          0.215         -0.092
   37   33         -0.512         -0.476
   37   34         -0.043          0.056
   37   35          0.043          0.325
   37   36          0.012          0.581
   37   37         -0.050         -0.082
   38    0          0.628          0.000
   38    1          0.627         -1.293
   38    2          0.153          0.345
   38    3         -0.361         -0.194
   38    4         -0.595         -0.495
   38    5          0.377         -0.700
   38    6         -0.396         -0.151
   38    7          0.139         -0.168
   38    8         -0.364          0.676
   38    9         -0.328         -0.210
   38   10         -0.845         -0.044
   38   11         -0.315          0.073
   38   12          0.613          0.032
   38   13          0.022         -0.024
   38   14          0.023          0.303
   38   15         -0.183         -0.296
   38   16         -0.277          0.647
   38   17         -0.052          0.256
   38   18          0.168         -0.113
   38   19          0.142         -0.197
   38   20          0.499          0.522
   38   21         -0.036          0.310
   38   22         -0.455         -0.246
   38   23         -0.050         -0.045
   38   24          0.247         -0.131
   38   25          0.285         -0.351
   38   26         -0.148         -0.055
   38   27          0.083         -0.404
   38   28         -0.358          0.323
   38   29          0.823         -0.011
   38   30         -0.366         -0.393
   38   31         -0.333          0.358
   38   32          0.525         -0.368
   38   33         -0.259          0.467
   38   34          0.013         -0.077
   38   35          0.313         -0.584
   38   36          0.230          0.339
   38   37         -0.097         -0.490
   38   38         -0.020          0.446
   39    0         -0.202          0.000
   39    1         -0.140         -0.020
   39    2          0.147          0.328
   39    3         -0.050          0.371
   39    4         -0.140         -0.885
   39    5          0.028          0.054
   39    6         -0.162         -0.039
   39    7         -0.589         -0.356
   39    8          1.032         -0.066
   39    9         -0.380          0.265
   39   10          0.469          0.598
   39   11         -0.256         -0.256
   39   12         -0.732          0.118
   39   13         -0.070         -0.590
   39   14          0.328          0.193
   39   15          0.195          0.377
   39   16          0.191         -0.040
   39   17         -0.085          0.210
   39   18          0.659          0.056
   39   19         -0.324         -0.153
   39   20         -0.147         -0.214
   39   21         -0.431          0.259
   39   22          0.129         -0.011
   39   23         -0.046          0.484
   39   24          0.411         -0.576
   39   25         -0.127         -0.025
   39   26          0.034         -0.012
   39   27         -0.435         -0.495
   39   28          0.150         -0.060
   39   29          0.845          0.267
   39   30         -0.110          0.394
   39   31         -0.186         -0.234
   39   32          0.574         -0.293
   39   33         -0.056         -0.447
   39   34          0.148          0.527
   39   35         -0.158          0.342
   39   36          0.279          0.094
   39   37          0.104         -0.155
   39   38          0.129         -0.189
   39   39         -0.018          0.182
   40    0          0.723          0.000
   40    1          0.307         -0.562
   40    2          0.529          0.219
   40    3          0.018         -0.253
   40    4          0.058         -0.726
   40    5          0.444          0.038
   40    6         -0.546          0.459
   40    7         -0.196         -0.074
   40    8          0.070          0.656
   40    9         -0.177          0.371
   40   10          0.313          0.103
   40   11         -0.019         -0.647
   40   12          0.187         -0.041
   40   13         -0.623          0.079
   40   14          0.345         -0.219
   40   15         -0.277         -0.673
   40   16          0.429         -0.008
   40   17          0.351          0.766
   40   18          0.565          0.065
   40   19          0.390         -0.087
   40   20          0.055         -0.475
   40   21          0.003          0.176
   40   22          0.328          0.050
   40   23         -0.393          0.149
   40   24         -0.090          0.199
   40   25         -0.251         -0.392
   40   26         -0.355          0.009
   40   27         -0.037          0.307
   40   28         -0.213          0.060
   40   29          0.660          0.246
   40   30          0.378          0.172
   40   31          0.203         -0.279
   40   32          0.939         -0.247
   40   33          0.146          0.278
   40   34         -0.210          0.297
   40   35          0.524          0.190
   40   36          0.389         -0.165
   40   37         -0.033          0.305
   40   38         -0.336          0.184
   40   39         -0.086         -0.180
   40   40         -0.279         -0.107
   41    0         -0.281          0.000
   41    1         -0.267         -0.015
   41    2         -1.112          0.134
   41    3         -1.155          0.237
   41    4         -0.527         -1.009
   41    5         -0.380          0.378
   41    6         -0.321          0.561
   41    7          0.251          0.563
   41    8          0.412          0.311
   41    9         -0.329         -0.167
   41   10          0.405         -0.288
   41   11         -0.742         -0.181
   41   12         -0.595          0.139
   41   13          0.257         -0.146
   41   14         -0.218          0.061
   41   15         -0.038          0.684
   41   16          0.586          0.509
   41   17          0.927         -0.110
   41   18          0.574         -0.120
   41   19         -0.532          0.443
   41   20         -0.423         -0.041
   41   21         -0.273         -0.355
   41   22         -0.036          0.127
   41   23          0.325          0.001
   41   24          0.179          0.015
   41   25          0.251         -0.025
   41   26         -0.501         -0.102
   41   27          0.430          0.065
   41   28          0.171          0.081
   41   29          0.134         -0.334
   41   30         -0.710          0.163
   41   31         -0.379          0.294
   41   32          0.259         -0.243
   41   33         -0.499          0.326
   41   34         -0.243         -0.443
   41   35          0.368         -0.299
   41   36         -0.153          0.583
   41   37          0.411         -0.079
   41   38         -0.040         -0.169
   41   39          0.566          0.221
   41   40         -0.146          0.180
   41   41         -0.222          0.412
   42    0         -0.121          0.000
   42    1         -0.002          0.434
   42    2         -0.222          0.588
   42    3         -0.537         -0.514
   42    4         -0.018         -0.471
   42    5         -0.126          0.034
   42    6          0.395          0.474
   42    7         -0.034          0.119
   42    8          0.609          0.540
   42    9          0.061         -0.323
   42   10         -0.419         -0.199
   42   11         -0.228         -0.323
   42   12         -0.501         -0.337
   42   13         -0.076          0.149
   42   14          0.133         -0.411
   42   15          0.733         -0.331
   42   16         -0.231         -0.041
   42   17         -0.067         -0.183
   42   18         -0.291          0.137
   42   19         -0.135         -0.095
   42   20         -0.813         -0.420
   42   21          0.102          0.095
   42   22          0.275          0.317
   42   23          0.242          0.388
   42   24         -0.179         -0.104
   42   25          0.004         -0.446
   42   26          0.002          0.394
   42   27          0.350          0.376
   42   28          0.115          0.741
   42   29         -0.065         -0.148
   42   30          0.117          0.549
   42   31         -0.367          0.104
   42   32         -0.038         -0.534
   42   33          0.037          0.105
   42   34          0.359          0.156
   42   35          0.528          0.047
   42   36         -0.103          0.174
   42   37         -0.436          0.177
   42   38         -0.465         -0.415
   42   39         -0.775         -0.339
   42   40         -0.065          0.088
   42   41         -0.529          0.355
   42   42          0.030         -0.105
   43    0         -0.154          0.000
   43    1         -0.071         -0.301
   43    2         -1.227         -0.129
   43    3         -0.004          0.538
   43    4         -0.903         -0.584
   43    5          0.405          0.331
   43    6          0.124          0.201
   43    7         -0.496          0.330
   43    8          0.659         -0.089
   43    9         -0.250          0.215
   43   10          0.865         -0.517
   43   11         -0.328         -0.378
   43   12          0.216         -0.515
   43   13         -0.040          0.640
   43   14          0.325          0.536
   43   15          0.514          0.547
   43   16          0.395         -0.231
   43   17         -0.165          0.117
   43   18         -0.301          0.424
   43   19         -0.456          0.387
   43   20          0.595          0.419
   43   21          0.030          0.818
   43   22          0.177          0.067
   43   23          0.165         -0.613
   43   24         -0.380          0.532
   43   25         -0.003         -0.125
   43   26         -0.408          0.129
   43   27         -0.416         -0.464
   43   28          0.623          0.027
   43   29         -0.083         -0.262
   43   30         -0.238         -0.699
   43   31         -0.335          0.148
   43   32          0.763         -0.551
   43   33          0.161          0.103
   43   34          0.402          0.442
   43   35          0.111         -0.617
   43   36          0.168         -0.047
   43   37          0.244          0.252
   43   38         -0.282         -0.043
   43   39          0.053          0.104
   43   40          0.808         -0.176
   43   41          0.332         -0.226
   43   42         -0.047          0.124
   43   43         -0.336         -0.053
   44    0         -0.293          0.000
   44    1          0.403          0.621
   44    2          0.096         -0.064
   44    3          0.842         -0.148
   44    4          0.565         -0.661
   44    5          0.669         -0.345
   44    6          0.322          0.779
   44    7          0.190         -0.056
   44    8          0.194          0.126
   44    9          0.331         -1.235
   44   10         -0.190          0.287
   44   11          0.013         -0.128
   44   12         -0.070         -0.619
   44   13          0.271         -0.371
   44   14          0.353         -0.309
   44   15         -0.255         -0.550
   44   16          0.008         -0.356
   44   17          0.071         -0.658
   44   18          0.121         -0.148
   44   19          0.159          0.288
   44   20         -0.361         -0.193
   44   21          0.192         -0.034
   44   22         -0.113          0.324
   44   23          0.363          0.043
   44   24         -0.039         -0.100
   44   25          0.167         -0.024
   44   26         -0.416         -0.048
   44   27          0.226          0.237
   44   28         -0.253         -0.374
   44   29         -0.515          0.361
   44   30          0.221         -0.140
   44   31          0.531          0.606
   44   32          0.271         -0.459
   44   33          0.541          0.064
   44   34         -0.755         -0.227
   44   35          0.546         -0.421
   44   36          0.390         -0.312
   44   37          0.465         -0.164
   44   38         -0.234         -0.138
   44   39          0.102         -0.290
   44   40         -0.126          0.841
   44   41         -0.072         -0.084
   44   42         -0.299          0.057
   44   43         -0.029         -0.307
   44   44         -0.084          0.413
   45    0          0.173          0.000
   45    1         -0.543         -0.680
   45    2         -0.426         -0.503
   45    3          0.529          0.498
   45    4         -0.296         -0.590
   45    5         -0.007         -0.003
   45    6          0.009         -0.076
   45    7         -0.323          0.456
   45    8          0.344          0.139
   45    9         -0.857         -0.615
   45   10          0.764          0.384
   45   11         -0.065          0.172
   45   12          0.428         -0.258
   45   13         -0.470          0.740
   45   14         -0.607         -0.099
   45   15          0.133          0.101
   45   16         -0.310          0.112
   45   17         -0.101          0.163
   45   18         -0.218          0.587
   45   19          0.100          0.186
   45   20          0.023         -0.486
   45   21          0.074          0.314
   45   22         -0.026          0.146
   45   23         -0.761         -0.265
   45   24          0.209         -0.079
   45   25         -0.167          0.259
   45   26          0.176         -0.294
   45   27          0.324         -0.219
   45   28         -0.554         -0.014
   45   29         -0.500         -0.078
   45   30         -0.915         -0.096
   45   31          0.378          0.279
   45   32         -0.009         -0.777
   45   33          0.021          0.142
   45   34         -0.600          0.202
   45   35          0.510         -0.909
   45   36          0.042          0.332
   45   37         -0.311          0.678
   45   38          0.486         -0.382
   45   39          0.617          0.048
   45   40          0.103         -1.117
   45   41          0.015         -0.050
   45   42         -0.283          0.019
   45   43         -0.101          0.606
   45   44          0.202         -0.197
   45   45         -0.224         -0.047
   46    0          0.094          0.000
   46    1          0.517          0.832
   46    2          0.980         -0.947
   46    3          0.185          0.272
   46    4          1.007         -0.557
   46    5          0.514         -0.030
   46    6          0.011          0.781
   46    7         -0.174         -0.034
   46    8         -0.170          0.731
   46    9         -0.213         -0.654
   46   10          0.082         -0.330
   46   11          0.066          0.212
   46   12          0.502         -0.201
   46   13         -0.519          0.106
   46   14         -0.129         -0.049
   46   15          0.205         -0.654
   46   16         -0.132          0.421
   46   17         -0.228         -0.091
   46   18          0.203         -0.065
   46   19         -0.027         -0.005
   46   20          0.365          0.105
   46   21          0.128         -0.036
   46   22          0.321          0.337
   46   23         -0.045          0.328
   46   24         -0.043          0.197
   46   25          0.361          0.009
   46   26         -0.069         -0.225
   46   27          0.302          0.104
   46   28          0.271         -0.466
   46   29         -0.066          0.301
   46   30          0.230         -0.230
   46   31          0.417         -0.012
   46   32         -0.171          0.441
   46   33         -0.477          0.095
   46   34         -0.334          0.894
   46   35          0.327         -0.053
   46   36          0.016          0.245
   46   37          0.282          0.378
   46   38         -0.465          0.014
   46   39         -0.301          0.020
   46   40         -0.370          0.090
   46   41          0.076          0.314
   46   42          0.223         -0.040
   46   43          0.098         -0.018
   46   44          0.049         -0.171
   46   45         -0.267         -0.156
   46   46          0.245         -0.215
   47    0         -0.233          0.000
   47    1         -0.763         -0.455
   47    2         -0.659         -0.542
   47    3          0.322          0.610
   47    4          0.720         -0.636
   47    5         -0.086          0.411
   47    6          0.148          0.474
   47    7         -0.636          0.483
   47    8          0.406          0.112
   47    9         -0.189         -0.148
   47   10          0.563          0.269
   47   11          0.395         -0.077
   47   12          0.294         -0.254
   47   13         -0.404          0.452
   47   14         -0.138         -0.466
   47   15         -0.410         -0.297
   47   16          0.458          0.387
   47   17          0.352         -0.506
   47   18          0.769          0.077
   47   19          0.431          0.541
   47   20          0.223         -0.713
   47   21         -0.480          0.177
   47   22          0.656          0.247
   47   23         -0.634          0.719
   47   24          0.443         -0.338
   47   25          0.199         -0.050
   47   26          0.297         -0.354
   47   27         -0.197          0.083
   47   28         -0.412         -0.480
   47   29         -0.145          0.488
   47   30          0.274         -0.340
   47   31          0.570         -0.134
   47   32         -0.410          0.702
   47   33          0.393         -0.411
   47   34          0.280          0.245
   47   35         -0.228         -0.613
   47   36          0.931         -0.236
   47   37         -0.449          0.406
   47   38          0.116          0.055
   47   39          0.722          0.005
   47   40          0.340          0.067
   47   41          0.054          0.160
   47   42         -0.004         -0.122
   47   43         -0.549         -0.096
   47   44         -0.340          0.319
   47   45          0.533         -0.332
   47   46          0.086         -0.026
   47   47         -0.160          0.212
   48    0         -0.067          0.000
   48    1          0.241          1.171
   48    2          0.390         -0.395
   48    3         -0.279          0.536
   48    4          1.237         -0.396
   48    5         -0.262          0.396
   48    6          0.387         -0.071
   48    7          0.405          0.034
   48    8         -0.132          1.392
   48    9         -0.367          0.151
   48   10          0.173         -0.142
   48   11         -0.107         -0.248
   48   12         -0.120         -0.282
   48   13         -0.793         -0.036
   48   14          0.754          0.172
   48   15         -0.422         -0.352
   48   16         -0.662         -0.244
   48   17          0.039          0.034
   48   18          0.445          0.741
   48   19         -0.476          0.338
   48   20         -0.329         -0.333
   48   21         -0.033         -0.317
   48   22         -0.271         -0.193
   48   23          0.290          0.537
   48   24         -0.048         -0.107
   48   25         -0.080         -0.023
   48   26         -0.288         -0.046
   48   27         -0.151          0.281
   48   28          0.385         -0.344
   48   29         -0.607         -0.157
   48   30          0.081          0.081
   48   31          0.189         -0.469
   48   32         -0.275         -0.382
   48   33         -0.255          0.232
   48   34          0.441          0.064
   48   35         -0.343         -0.465
   48   36          0.264          0.453
   48   37         -0.066          0.618
   48   38         -0.419         -0.265
   48   39          0.377          0.108
   48   40          0.134          0.445
   48   41          0.615         -0.074
   48   42          0.261          0.669
   48   43          0.217          0.006
   48   44         -0.274         -0.514
   48   45         -0.055         -0.009
   48   46          0.512          0.030
   48   47         -0.485          0.265
   48   48          0.403         -0.049
   49    0          0.124          0.000
   49    1          0.036         -0.524
   49    2          0.135          0.307
   49    3          0.029          0.995
   49    4          0.575          0.131
   49    5          0.615          0.755
   49    6          0.264          1.296
   49    7         -0.000          0.233
   49    8          0.785          0.258
   49    9         -0.184         -0.043
   49   10         -0.303         -1.384
   49   11          0.483          0.273
   49   12         -0.262         -0.030
   49   13         -0.345         -0.005
   49   14          0.244          0.087
   49   15         -0.160          0.378
   49   16         -0.304          0.607
   49   17          0.663         -0.762
   49   18          0.063         -0.306
   49   19         -0.183          0.017
   49   20          0.831          0.278
   49   21          0.586          0.173
   49   22          0.129          0.338
   49   23         -0.240         -0.279
   49   24         -0.475          0.062
   49   25         -0.107          0.053
   49   26         -0.235          0.240
   49   27          0.640         -0.029
   49   28         -0.155          0.465
   49   29         -0.048          0.218
   49   30          0.395          0.147
   49   31         -0.374         -0.543
   49   32         -0.147          0.180
   49   33         -0.513          0.012
   49   34          0.089          0.360
   49   35          1.119          0.199
   49   36         -0.221         -0.289
   49   37         -0.326          0.346
   49   38         -0.083         -0.181
   49   39         -0.051          0.054
   49   40         -0.283          0.248
   49   41         -0.106         -0.595
   49   42          0.029          0.229
   49   43         -0.165          0.504
   49   44          0.085          0.883
   49   45          0.151         -0.037
   49   46         -0.461          0.248
   49   47         -0.216          0.035
   49   48         -0.382          0.002
   49   49          0.751         -0.247
   50    0         -0.255          0.000
   50    1          0.286          1.063
   50    2          0.512         -0.229
   50    3         -0.080          0.292
   50    4          0.678         -0.251
   50    5         -0.064          0.228
   50    6          0.573         -0.082
   50    7         -0.256         -0.245
   50    8          0.577          0.391
   50    9          0.105         -0.950
   50   10         -0.474         -0.111
   50   11          0.129          0.153
   50   12         -0.128          0.367
   50   13         -0.575          0.511
   50   14          1.081          1.281
   50   15         -0.642         -0.104
   50   16          0.030         -0.074
   50   17          0.245         -0.529
   50   18         -0.563          0.675
   50   19         -1.021         -0.320
   50   20         -0.377          0.189
   50   21          0.700         -0.055
   50   22         -0.115          0.463
   50   23          0.263         -0.373
   50   24         -0.350         -0.068
   50   25          0.515         -0.340
   50   26         -0.208          0.135
   50   27          0.473         -0.281
   50   28         -0.360          0.704
   50   29         -0.165         -0.025
   50   30          0.313         -0.025
   50   31          0.057          0.105
   50   32          0.252          0.311
   50   33         -0.097         -0.453
   50   34          0.672         -0.481
   50   35          0.063         -0.160
   50   36          0.102         -0.136
   50   37          0.127          0.498
   50   38         -0.595          0.067
   50   39          0.085         -0.029
   50   40          0.549         -0.025
   50   41         -0.208          0.492
   50   42          0.271          0.167
   50   43          0.604         -0.387
   50   44          0.220          0.344
   50   45         -0.006          0.052
   50   46          0.080          0.450
   50   47          0.483          0.085
   50   48          0.070          0.002
   50   49         -0.610          0.325
   50   50         -0.115         -0.574
   51    0         -0.200          0.000
   51    1         -0.251         -0.038
   51    2          0.192          0.543
   51    3          0.561          0.991
   51    4         -0.329          0.277
   51    5          1.141         -0.420
   51    6          0.105          0.235
   51    7          0.263          0.640
   51    8         -0.077          0.852
   51    9         -0.924         -0.312
   51   10          0.036         -0.867
   51   11          0.343          0.242
   51   12         -0.234          0.646
   51   13          0.100         -0.275
   51   14          0.435          0.313
   51   15          0.797         -0.080
   51   16          0.282          0.304
   51   17          0.004         -0.014
   51   18         -0.141          0.726
   51   19         -0.121         -0.095
   51   20          0.715         -0.081
   51   21          0.261         -0.795
   51   22          0.645          0.297
   51   23         -0.102         -0.153
   51   24          0.200          0.888
   51   25         -0.150          0.424
   51   26         -0.223          0.451
   51   27         -0.319          0.284
   51   28         -0.139          0.651
   51   29         -0.102         -0.616
   51   30          0.083          0.110
   51   31          0.121         -0.312
   51   32          0.517         -0.273
   51   33          0.768          0.309
   51   34          0.651         -0.468
   51   35         -0.347          0.063
   51   36         -0.051         -0.394
   51   37          0.516          0.327
   51   38          0.441         -0.622
   51   39         -0.064         -0.259
   51   40          0.115          0.622
   51   41         -0.118          0.117
   51   42          0.454          0.309
   51   43          0.093         -0.086
   51   44         -0.021          0.161
   51   45         -0.074         -0.549
   51   46          0.122          0.407
   51   47         -0.167         -0.500
   51   48          0.138         -0.001
   51   49         -0.135          0.291
   51   50          0.537          0.240
   51   51          0.255         -0.152
   52    0          0.332          0.000
   52    1          0.714          0.727
   52    2         -0.076          0.031
   52    3          1.452          0.260
   52    4          1.179          0.708
   52    5         -0.014         -0.030
   52    6          1.136          0.514
   52    7          0.263         -0.363
   52    8          0.415          0.767
   52    9         -0.672         -0.390
   52   10         -0.064         -0.244
   52   11          0.642         -0.044
   52   12          0.424          0.167
   52   13         -0.227          0.373
   52   14          0.634          0.283
   52   15         -0.515         -0.381
   52   16         -0.408         -0.562
   52   17         -0.230         -0.910
   52   18          0.467          0.455
   52   19          0.141          0.326
   52   20          0.428          0.320
   52   21          0.308          0.512
   52   22          0.327          0.629
   52   23         -0.141         -0.253
   52   24         -0.232         -0.001
   52   25         -0.099         -0.121
   52   26         -0.414         -0.030
   52   27         -0.317         -0.237
   52   28          0.088         -0.039
   52   29          0.252         -0.172
   52   30         -0.187         -0.015
   52   31          0.141         -0.054
   52   32         -0.139         -0.099
   52   33          0.120          0.413
   52   34          0.132         -0.308
   52   35         -0.097         -0.066
   52   36          0.359         -0.029
   52   37          0.114          0.120
   52   38         -0.024          0.022
   52   39          0.066         -0.407
   52   40         -0.324          0.508
   52   41         -0.234          0.600
   52   42          0.148         -0.258
   52   43          0.543         -0.337
   52   44         -0.162          1.112
   52   45         -0.229         -0.239
   52   46          0.380         -0.158
   52   47          0.088          0.064
   52   48         -0.430          0.273
   52   49          0.708         -0.106
   52   50          0.194         -0.025
   52   51         -0.459          0.106
   52   52          0.540          0.081
   53    0         -0.088          0.000
   53    1          0.173          0.222
   53    2          1.134          0.046
   53    3          0.039          1.175
   53    4         -0.147         -0.160
   53    5          0.316          0.271
   53    6          0.411          0.719
   53    7         -0.083          0.237
   53    8         -0.532          1.051
   53    9          0.281          0.274
   53   10         -0.023          0.131
   53   11         -0.214         -0.065
   53   12          0.167          0.263
   53   13          0.135         -0.553
   53   14          0.016         -0.503
   53   15         -0.324         -0.649
   53   16          0.225         -0.021
   53   17          0.315          0.044
   53   18         -0.566         -0.211
   53   19          0.403          0.194
   53   20          0.114         -0.999
   53   21         -0.040         -0.238
   53   22          0.030         -0.397
   53   23          0.229          0.331
   53   24         -0.050         -0.091
   53   25         -0.117         -0.537
   53   26         -0.403          0.098
   53   27          0.202          0.017
   53   28         -0.228          0.258
   53   29         -0.147          0.502
   53   30          0.077          0.051
   53   31          0.365          0.244
   53   32          0.801         -0.210
   53   33          0.866         -0.033
   53   34          0.798         -0.213
   53   35         -0.134          0.165
   53   36         -0.680          0.245
   53   37         -0.179         -0.197
   53   38          0.410          0.171
   53   39         -0.081         -0.679
   53   40          0.499         -0.061
   53   41         -0.684          0.797
   53   42         -0.746         -0.539
   53   43          0.242          0.220
   53   44         -0.301          0.336
   53   45          0.090         -0.306
   53   46         -0.319          0.903
   53   47         -0.382          0.263
   53   48          0.074          0.196
   53   49          0.295          0.031
   53   50          0.145          0.116
   53   51         -0.133          0.224
   53   52         -0.146         -0.378
   53   53          0.240          0.087
   54    0         -0.380          0.000
   54    1         -0.347          0.472
   54    2         -0.104          0.092
   54    3          0.655          0.218
   54    4          0.040          0.123
   54    5         -0.271         -0.288
   54    6         -0.335          0.783
   54    7          0.094         -0.408
   54    8         -0.126          1.315
   54    9         -0.008         -0.264
   54   10          0.118         -0.130
   54   11          0.128         -0.581
   54   12          0.903          0.545
   54   13          0.081         -0.232
   54   14          0.970         -0.016
   54   15         -0.067         -0.154
   54   16         -0.040         -0.340
   54   17         -0.278          0.163
   54   18          0.465          0.553
   54   19          0.299         -0.156
   54   20          0.042         -0.117
   54   21         -0.078         -0.004
   54   22         -0.182          0.161
   54   23         -0.468          1.087
   54   24         -0.312          0.315
   54   25         -0.613         -0.253
   54   26          0.299          0.091
   54   27          0.213         -0.489
   54   28          0.606          0.230
   54   29          0.572         -0.322
   54   30          0.038         -0.103
   54   31         -0.027          0.670
   54   32         -0.001          0.060
   54   33          0.218          0.257
   54   34         -0.775          0.198
   54   35         -0.626         -0.251
   54   36          0.814         -0.114
   54   37         -0.286          0.296
   54   38         -0.081          0.130
   54   39          0.319         -0.016
   54   40         -0.455          0.682
   54   41         -0.245         -0.042
   54   42          0.270         -0.463
   54   43          0.446         -0.324
   54   44          0.259          0.352
   54   45          0.003          0.709
   54   46          0.204         -0.059
   54   47          0.155         -0.210
   54   48          0.302         -0.197
   54   49         -0.432         -0.469
   54   50          0.057         -0.118
   54   51          0.066          0.022
   54   52          0.110          0.183
   54   53         -0.107         -0.155
   54   54          0.333          0.394
   55    0         -0.567          0.000
   55    1          1.184          0.237
   55    2          0.559          1.199
   55    3         -0.629          1.078
   55    4          0.063          0.417
   55    5          0.318          0.875
   55    6          0.172          0.393
   55    7         -0.753          0.279
   55    8          0.109          0.944
   55    9         -0.755         -0.223
   55   10         -0.116         -0.072
   55   11          0.083         -0.750
   55   12         -0.101         -0.234
   55   13          0.008         -0.630
   55   14          0.624         -0.219
   55   15          0.148          0.073
   55   16         -0.297          0.119
   55   17          0.070         -0.402
   55   18         -0.159         -0.270
   55   19         -0.361          0.259
   55   20         -0.035         -0.190
   55   21         -0.430          0.412
   55   22          0.430         -0.683
   55   23         -0.156          0.606
   55   24         -0.262         -0.626
   55   25          0.059         -0.026
   55   26         -0.457         -0.149
   55   27         -0.013          0.206
   55   28          0.500         -0.154
   55   29          0.760          0.158
   55   30          0.013          0.247
   55   31         -0.585         -0.140
   55   32          0.261          0.153
   55   33          0.188         -0.257
   55   34          0.206          0.077
   55   35          0.159         -0.165
   55   36          0.251          0.109
   55   37         -0.145         -0.546
   55   38         -0.175          0.460
   55   39         -0.352         -0.029
   55   40         -0.091          0.237
   55   41         -0.504          0.315
   55   42         -0.387         -0.528
   55   43          0.669          0.185
   55   44         -0.010         -0.039
   55   45         -0.902          0.092
   55   46          0.144          0.347
   55   47         -0.685          0.501
   55   48         -0.252         -0.171
   55   49         -0.734          0.400
   55   50          0.122         -0.543
   55   51          0.167          0.368
   55   52         -0.191         -0.426
   55   53         -0.077         -0.250
   55   54          0.085          0.201
   55   55          0.423         -0.497
   56    0         -0.842          0.000
   56    1          0.445         -0.533
   56    2         -0.831          0.155
   56    3          0.405          0.349
   56    4          0.354          0.741
   56    5          0.364          0.032
   56    6          0.322          0.100
   56    7         -0.423         -0.077
   56    8          0.379          0.502
   56    9         -0.264         -0.785
   56   10          0.399         -0.051
   56   11          0.577         -0.340
   56   12          0.075          0.009
   56   13          0.149         -0.455
   56   14          0.257          0.472
   56   15         -0.451          0.219
   56   16         -0.106          0.061
   56   17          0.382          0.053
   56   18         -0.457          0.727
   56   19         -0.169         -0.697
   56   20         -0.162          0.369
   56   21         -0.345          0.457
   56   22         -0.348          0.678
   56   23          0.104         -0.325
   56   24         -0.320         -0.767
   56   25          0.207          0.224
   56   26         -0.374         -0.119
   56   27          0.301         -0.158
   56   28         -0.851          0.375
   56   29         -0.227         -0.397
   56   30          0.305         -0.610
   56   31          0.414          0.233
   56   32          0.029          0.100
   56   33         -0.039          0.261
   56   34          0.071          0.240
   56   35         -0.092          0.413
   56   36          0.098          0.496
   56   37         -0.215         -0.118
   56   38          0.615          0.253
   56   39         -0.392          0.405
   56   40          0.070          0.452
   56   41          0.109          0.064
   56   42          0.149         -0.725
   56   43          0.078         -0.235
   56   44         -0.038         -0.546
   56   45         -0.551         -0.423
   56   46          0.104         -0.219
   56   47         -0.558         -0.342
   56   48          0.342          0.041
   56   49         -0.083         -0.850
   56   50         -0.060          0.107
   56   51         -0.247          0.223
   56   52         -0.275          0.210
   56   53          0.128         -0.125
   56   54          0.241         -0.019
   56   55          0.672          0.445
   56   56         -0.098         -0.252
   57    0         -0.672          0.000
   57    1          0.253          0.037
   57    2          0.556          0.885
   57    3          0.246          1.348
   57    4          0.013          0.367
   57    5          0.689          0.485
   57    6          0.678          0.062
   57    7         -0.114          0.539
   57    8         -0.369          0.283
   57    9         -0.003          0.093
   57   10          0.078         -1.053
   57   11          0.336         -0.773
   57   12          0.033          0.729
   57   13          0.584          0.107
   57   14          1.277          0.756
   57   15          0.461         -0.135
   57   16         -0.272         -0.205
   57   17          0.338         -0.746
   57   18         -0.804          0.341
   57   19          0.047          0.460
   57   20         -0.094         -0.743
   57   21          0.470          0.003
   57   22          0.167         -0.331
   57   23         -0.218          0.325
   57   24          0.247          0.556
   57   25          0.224         -0.018
   57   26          0.017         -0.121
   57   27          0.040          0.449
   57   28         -0.289         -0.093
   57   29          0.460          0.431
   57   30         -0.055         -0.661
   57   31         -0.311          0.601
   57   32          0.105         -0.028
   57   33         -0.385          0.389
   57   34         -0.091          1.191
   57   35         -0.262         -0.045
   57   36          0.429         -0.193
   57   37          0.257         -0.210
   57   38         -0.609         -0.297
   57   39         -0.274         -0.165
   57   40          0.136         -0.031
   57   41         -0.061         -0.417
   57   42         -0.187         -0.297
   57   43          0.548         -0.191
   57   44          0.448          0.437
   57   45          0.403          0.188
   57   46          0.475         -0.096
   57   47          0.395          0.288
   57   48          0.313          0.323
   57   49         -0.280          0.504
   57   50         -0.453          0.460
   57   51          0.285          0.436
   57   52          0.143         -0.251
   57   53          0.292         -0.130
   57   54         -0.306          0.501
   57   55         -0.282         -0.469
   57   56          0.226          0.214
   57   57          0.097          0.243
   58    0         -0.261          0.000
   58    1         -0.498         -0.459
   58    2         -0.552          0.060
   58    3          0.476         -0.144
   58    4         -0.221          0.259
   58    5          0.238         -0.249
   58    6         -0.098          0.711
   58    7         -0.553         -0.199
   58    8          0.607          0.699
   58    9         -0.114          0.020
   58   10          0.340         -0.361
   58   11          0.255          0.374
   58   12          0.524         -0.058
   58   13          0.466          0.161
   58   14         -0.743          0.336
   58   15          0.719          1.044
   58   16          0.493         -1.147
   58   17         -0.427          0.287
   58   18         -0.784          0.522
   58   19         -0.381         -0.235
   58   20          0.495          0.220
   58   21         -0.303          0.295
   58   22          0.351          0.401
   58   23          0.360         -0.377
   58   24         -0.273          0.385
   58   25         -0.587          0.170
   58   26         -0.284          0.097
   58   27          0.216          0.139
   58   28          0.046          0.305
   58   29          0.082         -0.682
   58   30          0.030          0.354
   58   31         -0.084         -0.868
   58   32          0.180          0.028
   58   33         -0.778          0.027
   58   34          0.144         -0.718
   58   35         -0.223          0.054
   58   36          0.430          0.005
   58   37         -0.188          0.269
   58   38         -0.076         -0.019
   58   39          0.291          0.974
   58   40          0.361          0.279
   58   41         -0.041          0.574
   58   42         -0.261         -0.177
   58   43          0.615         -0.370
   58   44         -0.535          0.174
   58   45         -0.691          0.296
   58   46         -0.243          0.020
   58   47          0.092         -0.249
   58   48          0.528         -0.672
   58   49          0.405         -0.035
   58   50         -0.081          0.091
   58   51         -0.553         -0.070
   58   52         -0.491         -0.108
   58   53          0.014         -0.021
   58   54         -0.256          0.161
   58   55          0.446         -0.251
   58   56          0.324          0.249
   58   57         -0.300          0.507
   58   58          0.144         -0.590
   59    0         -0.510          0.000
   59    1         -0.386         -0.242
   59    2         -0.044          0.343
   59    3          1.143         -0.125
   59    4          0.020          0.325
   59    5          0.637          0.040
   59    6          0.261          0.118
   59    7         -0.783          0.122
   59    8         -1.016          0.525
   59    9         -0.100          0.631
   59   10         -0.476         -0.638
   59   11         -0.009         -0.152
   59   12          0.917          0.864
   59   13          0.048         -0.059
   59   14          0.444         -0.042
   59   15          0.039         -1.277
   59   16         -0.448         -0.009
   59   17         -0.466         -0.024
   59   18         -0.430         -0.056
   59   19         -0.335          0.787
   59   20         -0.471          0.282
   59   21          0.148          0.450
   59   22          0.376         -0.603
   59   23         -0.438         -0.271
   59   24         -0.358          0.270
   59   25         -0.227         -0.255
   59   26         -0.359          0.142
   59   27          0.345          0.078
   59   28          0.247          0.299
   59   29          0.094         -0.082
   59   30          0.225         -0.335
   59   31         -0.715         -0.153
   59   32          0.156         -0.352
   59   33          0.543         -0.056
   59   34          0.354         -0.111
   59   35         -0.463          0.086
   59   36         -0.014          0.102
   59   37          0.308          0.747
   59   38         -0.723          0.535
   59   39          0.114         -0.068
   59   40         -0.258         -0.157
   59   41          0.660         -0.521
   59   42         -0.036          0.422
   59   43         -0.560          0.109
   59   44          0.263         -0.362
   59   45         -0.498         -0.148
   59   46          0.583         -0.498
   59   47          0.241          0.507
   59   48         -0.257          0.223
   59   49         -0.162          0.402
   59   50          0.217         -0.500
   59   51          0.226          0.020
   59   52          0.432         -0.528
   59   53         -0.032          0.439
   59   54         -0.605          0.114
   59   55          0.012          0.196
   59   56          0.224          0.277
   59   57          0.135          0.129
   59   58          0.672          0.023
   59   59          0.109          0.319
   60    0         -0.389          0.000
   60    1          0.545         -0.453
   60    2          0.314         -0.950
   60    3          0.817         -0.016
   60    4         -0.095          0.319
   60    5         -0.400         -0.823
   60    6         -0.105          0.851
   60    7         -0.181          0.312
   60    8          0.663          1.225
   60    9         -0.823         -0.599
   60   10          0.431         -0.198
   60   11          0.073          0.169
   60   12         -0.251          0.787
   60   13         -0.030         -0.046
   60   14         -0.710          0.361
   60   15          0.159         -0.112
   60   16         -0.208         -1.395
   60   17          0.014          0.466
   60   18         -0.001         -0.115
   60   19         -0.281         -0.642
   60   20          0.412         -0.171
   60   21          0.219         -0.574
   60   22          0.095         -0.183
   60   23          0.350          0.086
   60   24          0.193         -0.564
   60   25         -0.437         -0.366
   60   26         -0.697         -0.274
   60   27         -0.758          0.318
   60   28          0.265          0.184
   60   29          0.545         -0.411
   60   30         -0.083         -0.422
   60   31         -0.214         -0.015
   60   32          0.137         -0.017
   60   33          0.354          0.911
   60   34          0.062         -0.283
   60   35         -0.423          0.750
   60   36         -0.270          0.185
   60   37         -0.316         -0.675
   60   38          0.138          0.175
   60   39          0.155         -0.556
   60   40         -0.030         -0.905
   60   41          0.095         -0.309
   60   42         -0.824          0.572
   60   43         -0.734          0.625
   60   44         -0.692         -0.594
   60   45          0.069         -0.425
   60   46          0.122         -0.394
   60   47         -0.242          0.160
   60   48          0.152          0.198
   60   49          0.540         -1.017
   60   50         -0.582          0.153
   60   51          0.258          0.365
   60   52         -0.337         -0.240
   60   53         -0.156          0.040
   60   54          0.371          0.299
   60   55          0.097          0.492
   60   56          0.177         -0.063
   60   57          0.135          0.373
   60   58          0.078          0.842
   60   59          0.063         -0.229
   60   60         -0.211         -0.016
